[version]
AppVersion=1.8.0.15900
SrcVersion=1.8.0.35734
